Transformed T4 data with Euler's rotation using the following angles:
ti:  6.04244212308958   5.708026749633881   5.077877134550613   0.03372638133049621 of U1
ti:  3.0587567687692916   3.284753364985032   0.9633871006568079   0.6643339127210502 of U2